0.719	2	3
1.230	2	3
1.508	2	3
1.754	2	3
2.047	2	3
2.223	2	3
2.711	1	2
3.008	2	3
3.207	1	3
3.734	2	2
4.031	2	3
4.223	2	3
4.711	1	3
5.203	2	2
5.516	2	2
5.734	2	1
6.223	1	2
6.715	1	2
7.211	1	3
7.734	2	2
8.043	2	3
8.223	2	3
8.719	1	1
9.039	2	3
9.211	1	3
9.527	1	3
9.738	2	2
10.219	2	3
10.715	1	3
11.031	2	3
11.207	2	3
11.539	2	3
11.734	2	3
12.219	2	3
12.707	1	2
13.031	2	2
13.207	2	2
13.543	2	3
13.738	2	2
14.035	2	3
14.215	2	3
14.711	1	1
15.035	2	1
15.211	1	1
15.543	2	1
15.742	2	1
16.012	2	1
16.223	2	2
16.711	1	2
17.203	2	3
17.539	2	3
17.742	2	3
18.047	2	3
18.219	2	3
18.711	1	1
19.203	2	3
19.738	1	2
20.219	2	1
20.711	1	3
21.043	2	3
21.215	1	1
21.734	2	3
22.051	2	2
22.223	1	1
22.715	1	1
23.023	2	1
23.207	1	2
23.539	2	2
23.742	1	1
24.047	2	1
24.223	2	2
24.715	1	1
25.039	2	1
25.211	1	1
25.738	2	2
26.223	1	3
26.715	1	3
27.023	2	3
27.211	1	3
27.539	2	3
27.738	2	3
28.039	2	3
28.223	1	2
28.715	1	1
29.023	2	1
29.207	1	1
29.523	2	2
29.734	2	1
30.055	2	1
30.219	2	1
30.711	1	2
31.207	1	2
31.508	2	2
31.734	2	1
32.223	1	3
32.715	1	3
33.199	2	3
33.523	2	3
33.734	2	3
34.031	2	3
34.219	2	3
34.715	1	1
35.207	1	3
35.734	2	2
36.039	2	2
36.227	1	3
36.711	1	2
37.035	2	1
37.199	2	2
37.738	2	1
38.215	1	1
38.715	1	1
39.016	2	1
39.211	1	3
39.742	1	2
40.043	2	3
40.219	2	3
40.711	1	2
41.207	1	3
41.742	1	3
42.223	2	3
42.715	1	3
43.207	1	3
43.734	1	3
44.055	2	3
44.223	1	3
44.715	1	1
45.043	2	2
45.211	1	2
45.547	2	3
45.730	2	2
46.223	1	2
46.719	1	1
47.211	1	1
47.438	2	1
47.734	2	1
48.047	2	2
48.223	2	3
48.504	2	3
48.711	1	3
49.027	2	3
49.211	1	3
49.512	2	2
49.738	2	2
50.020	2	2
50.215	2	2
50.711	1	1
51.043	2	1
51.734	2	3
52.051	2	3
52.223	2	3
52.707	2	2
53.207	1	2
53.734	2	3
54.047	2	3
54.227	1	2
54.715	1	1
55.215	1	2
55.734	2	1
56.047	2	3
56.227	1	3
56.715	1	1
57.031	2	1
57.211	1	1
57.547	2	3
57.742	1	2
58.223	1	3
58.711	1	3
59.207	1	3
59.730	1	3
60.047	2	2
60.223	1	1
60.707	1	1
61.031	2	1
61.207	1	1
61.547	2	3
61.738	2	3
62.059	2	1
62.219	2	1
62.715	1	1
63.207	1	1
63.738	2	1
64.047	2	1
64.227	1	1
64.711	1	1
65.211	1	1
65.523	2	1
65.742	2	1
66.043	2	1
66.230	1	2
66.711	1	1
67.207	1	2
67.738	2	1
68.055	2	1
68.227	1	3
68.711	1	2
69.211	1	1
69.742	2	3
70.051	2	3
70.223	1	3
70.711	1	1
71.207	2	3
71.555	2	3
71.742	1	2
72.219	2	2
72.715	1	2
73.211	1	3
73.738	2	3
74.035	2	3
74.223	1	3
74.715	1	3
75.020	2	3
75.211	1	3
75.520	2	3
75.742	2	3
76.051	1	2
76.215	2	1
76.711	1	2
77.035	2	2
77.215	1	2
77.742	1	2
78.223	1	3
78.711	1	2
79.211	1	3
79.742	1	1
80.051	2	2
80.219	2	3
80.707	2	1
81.207	1	3
81.516	2	2
81.738	2	1
82.023	2	3
82.219	2	3
82.711	1	3
83.008	2	3
83.207	1	3
83.734	2	2
84.031	2	3
84.223	2	3
84.711	1	3
85.203	2	2
85.516	2	2
85.734	2	1
86.223	1	2
86.715	1	2
87.211	1	3
87.734	2	2
88.043	2	3
88.223	1	3
88.719	1	1
89.039	2	3
89.207	1	3
89.527	1	3
89.738	2	2
90.219	2	3
90.715	1	3
91.031	2	3
91.207	1	3
91.539	2	3
91.734	2	3
92.219	2	3
92.707	1	2
93.031	2	2
93.207	2	2
93.543	2	3
93.738	2	2
94.035	2	3
94.215	2	3
94.711	1	1
95.031	2	1
95.207	1	1
95.539	2	1
95.742	2	1
96.012	2	1
96.223	1	3
96.711	1	2
97.203	2	3
97.539	2	3
97.742	2	3
98.047	2	3
98.219	2	3
98.711	1	1
99.203	2	3
99.738	1	2
100.219	2	1
100.711	1	3
101.043	2	3
101.215	1	1
101.734	2	3
102.051	2	2
102.223	1	1
102.715	1	1
103.023	2	1
103.207	1	2
103.539	2	2
103.742	1	1
104.043	2	2
104.223	2	2
104.715	1	1
105.035	2	1
105.211	1	1
105.738	2	2
106.223	1	3
106.715	1	3
107.020	2	3
107.207	1	3
107.535	2	3
107.738	2	3
108.035	2	3
108.219	2	2
108.715	1	1
109.023	2	1
109.207	1	1
109.523	2	2
109.734	2	1
110.051	2	1
110.219	2	1
110.711	1	2
111.207	1	2
111.734	2	1
112.219	2	2
112.711	1	2
113.199	2	2
113.535	2	3
113.734	2	3
114.035	2	3
114.227	1	2
114.715	1	1
115.207	1	2
115.734	2	1
116.035	2	1
116.223	1	2
116.711	1	2
117.035	2	1
117.199	2	2
117.738	2	1
118.215	1	1
118.715	1	1
119.016	2	1
119.211	1	3
119.738	2	2
120.043	2	3
120.219	2	3
120.711	1	2
121.207	1	3
121.738	2	3
122.219	2	3
122.715	1	3
123.207	1	3
123.734	1	3
124.055	2	3
124.223	1	3
124.715	1	1
125.039	2	2
125.211	1	2
125.547	2	3
125.730	2	2
126.223	1	2
126.719	1	1
127.211	1	1
127.734	2	2
128.047	2	3
128.223	2	3
128.504	2	3
128.711	1	3
129.027	2	3
129.211	1	3
129.512	2	2
129.738	2	2
130.020	2	2
130.215	2	2
130.711	1	1
131.043	2	1
131.734	2	3
132.051	2	3
132.223	2	3
132.707	2	2
133.207	1	2
133.543	2	3
133.734	2	3
134.227	1	2
134.715	1	1
135.211	1	2
135.730	2	2
136.047	2	3
136.223	2	3
136.715	1	1
137.031	2	1
137.211	1	1
137.742	1	3
138.223	1	3
138.711	1	3
139.207	1	3
139.730	2	3
140.047	2	3
140.223	1	3
140.707	1	2
141.031	2	3
141.207	2	3
141.738	2	3
142.059	2	3
142.219	2	3
142.715	2	3
143.207	2	3
143.738	2	3
144.047	2	3
144.223	2	3
144.711	2	3
145.211	1	3
145.523	2	3
145.742	2	3
146.043	2	3
146.230	2	3
146.711	2	3
147.207	2	3
147.738	2	3
148.055	2	3
148.227	2	3
148.711	2	3
149.211	2	3
149.742	2	3
150.051	2	3
150.223	2	3
150.711	2	3
151.207	2	3
151.742	2	3
152.219	2	3
152.715	2	3
153.211	2	3
153.738	2	3
154.223	2	3
154.711	2	3
155.211	2	3
155.738	2	3
156.051	2	3
156.711	2	3
157.211	2	3
157.742	2	3
