0.332	1	3
0.797	1	3
1.262	1	3
1.715	1	3
1.953	1	3
2.172	1	3
2.414	1	3
2.633	1	3
2.871	1	3
3.098	1	2
3.559	1	3
4.027	1	3
4.492	1	3
4.949	1	3
5.406	1	3
5.648	1	3
5.863	1	3
6.105	1	3
6.324	1	3
6.570	1	3
6.793	1	3
7.250	1	3
7.719	1	3
8.184	1	3
8.645	1	2
9.098	1	3
9.340	1	3
9.559	1	3
9.793	1	3
10.020	1	3
10.270	1	3
10.484	1	3
10.941	1	3
11.410	1	3
11.879	1	2
12.336	1	3
12.789	1	3
13.039	1	3
13.246	1	3
13.484	1	3
13.711	1	3
13.965	1	3
14.176	1	3
14.633	1	3
15.102	1	3
15.559	2	2
16.027	1	3
16.484	2	2
16.945	1	3
17.402	2	3
17.871	1	3
18.113	1	3
18.324	2	3
18.793	1	3
19.250	2	1
19.719	1	3
20.176	2	1
20.422	1	3
20.637	1	3
21.098	2	2
21.563	1	3
21.805	1	3
22.020	2	2
22.488	1	3
22.945	2	2
23.410	1	3
23.867	2	1
24.332	1	3
24.785	2	2
25.254	1	3
25.492	1	3
25.707	1	2
26.180	1	3
26.637	2	2
27.105	1	2
27.559	2	1
27.809	1	3
28.023	1	3
28.480	2	2
28.945	1	3
29.188	1	3
29.402	2	2
29.867	1	3
30.328	2	2
30.797	1	3
31.254	2	1
31.719	1	3
32.176	2	2
32.641	1	3
33.098	2	2
33.566	1	2
34.023	2	1
34.492	1	2
34.945	2	1
35.410	1	2
35.867	2	1
36.332	1	2
36.555	2	1
36.789	2	1
37.016	1	1
37.258	1	1
37.711	2	1
38.180	1	2
38.637	2	1
39.102	1	3
39.559	2	1
40.027	1	2
40.480	2	1
40.941	1	3
41.402	2	2
41.867	1	3
42.324	2	1
42.789	1	3
43.246	2	2
43.711	1	3
44.172	2	2
44.637	1	2
45.094	2	1
45.559	1	2
46.020	2	1
46.480	1	2
46.941	2	1
47.406	1	3
47.863	2	1
48.328	1	3
48.785	2	2
49.250	1	3
49.707	2	1
49.949	1	3
50.172	1	3
50.633	2	2
51.098	1	2
51.324	1	2
51.555	2	2
51.781	1	3
52.020	1	2
52.480	2	1
52.949	1	2
53.402	2	1
53.871	1	3
54.328	2	1
54.793	1	3
55.250	2	1
55.711	1	3
56.172	2	2
56.637	1	3
56.875	1	3
57.094	2	2
57.559	1	3
58.016	2	2
58.480	1	3
58.941	2	1
59.406	1	3
59.863	2	1
60.328	1	2
60.785	2	1
61.254	1	3
61.711	2	1
62.172	1	3
62.633	2	1
63.098	1	3
63.555	2	2
64.020	1	3
64.270	1	3
64.477	2	1
64.941	1	3
65.402	2	2
65.863	1	3
66.324	2	2
66.789	1	2
67.250	2	1
67.715	1	3
68.168	1	3
68.414	1	3
68.629	1	3
68.875	1	3
69.090	2	3
69.348	1	3
69.559	1	3
70.016	2	3
70.484	1	3
70.941	2	1
71.410	1	2
71.863	2	2
72.109	1	3
72.320	1	3
72.563	1	3
72.785	2	2
73.031	1	3
73.250	1	3
73.707	2	3
74.180	1	3
74.633	2	1
75.102	1	2
75.555	2	2
75.805	1	3
76.016	1	3
76.262	1	3
76.477	2	3
76.738	1	3
76.945	1	3
77.402	2	2
77.871	1	3
78.328	2	1
78.793	1	3
79.246	2	3
79.504	1	3
79.707	1	3
79.949	1	3
80.168	2	3
80.422	1	3
80.637	1	3
81.094	2	2
81.570	1	3
82.020	2	1
82.492	1	3
82.945	2	2
83.406	1	3
83.867	2	2
84.328	1	3
84.574	1	3
84.785	2	2
85.254	1	3
85.715	2	1
86.184	1	3
86.637	2	2
86.883	1	3
87.102	1	3
87.559	2	3
88.023	1	3
88.480	2	2
88.949	1	3
89.402	2	3
89.875	1	3
90.328	2	1
90.582	1	3
90.793	1	3
91.250	2	2
91.715	1	3
91.965	1	3
92.168	1	2
92.637	1	3
93.098	2	1
93.566	1	3
94.020	2	2
94.484	1	3
94.941	2	2
95.406	1	3
95.652	1	3
95.863	2	2
96.332	1	2
96.793	2	2
97.258	1	3
97.715	2	1
98.180	1	3
98.637	2	3
99.102	1	3
99.563	2	1
100.031	1	3
100.480	2	2
100.949	1	2
101.406	2	1
101.871	1	3
102.328	2	1
102.793	1	2
103.020	1	1
103.242	1	1
103.480	1	1
103.715	1	1
104.176	2	1
104.641	1	3
105.098	2	1
105.566	1	1
106.020	2	1
106.488	1	3
106.941	2	1
107.402	1	3
107.863	2	2
108.328	1	3
108.785	2	1
109.250	1	3
109.707	2	2
110.172	1	3
110.633	2	1
111.098	1	3
111.555	2	1
112.020	1	2
112.477	2	1
112.945	1	2
113.402	2	1
113.863	1	2
114.324	2	1
114.789	1	3
115.246	2	2
115.711	1	3
115.949	1	3
116.168	2	1
116.633	1	3
117.094	2	2
117.559	1	3
118.016	2	1
118.484	1	2
118.941	2	1
119.414	1	2
119.863	2	1
120.332	1	2
120.789	2	1
121.254	1	2
121.711	2	1
122.176	1	3
122.633	2	1
123.094	1	3
123.555	2	1
124.016	1	3
124.477	2	2
124.945	1	3
125.402	2	1
125.867	1	3
126.328	2	1
126.789	1	2
127.250	2	1
127.715	1	3
128.172	2	2
128.637	1	3
129.094	2	1
129.559	1	3
130.016	2	1
130.480	1	3
130.938	2	1
131.402	1	3
131.863	2	1
132.328	1	3
132.785	2	1
133.254	1	2
133.711	2	1
134.180	1	2
134.637	2	1
135.102	1	2
135.559	2	1
136.023	1	2
136.480	2	1
136.941	1	3
137.402	2	2
137.867	1	3
138.117	1	3
138.324	2	1
138.789	1	3
139.246	2	2
139.711	1	3
140.172	2	1
140.637	1	3
141.094	2	1
141.559	1	2
142.016	2	1
142.484	1	2
142.941	2	1
143.402	1	2
143.863	2	1
144.328	1	3
144.785	2	2
145.250	1	3
145.707	2	1
146.172	1	3
146.633	2	2
147.094	1	3
147.555	2	1
148.027	1	1
148.480	2	1
148.949	1	2
149.402	2	1
149.871	1	2
150.328	2	1
150.797	1	2
151.250	2	1
151.711	1	3
152.172	2	2
152.633	1	3
153.094	2	1
153.555	1	3
154.016	2	2
154.480	1	3
154.941	2	1
155.402	1	3
155.867	2	1
156.328	1	2
156.785	2	1
157.250	1	2
157.711	2	1
158.176	1	3
158.633	2	1
159.094	1	3
159.555	2	1
160.020	1	3
160.477	2	1
160.941	1	3
161.402	2	2
161.867	1	3
162.324	2	1
162.813	1	3
