1.004	2	3
1.500	2	3
2.000	2	3
2.500	2	3
3.000	2	3
3.500	2	3
4.000	2	3
4.488	2	3
4.988	2	3
5.273	2	3
5.496	2	3
5.770	2	3
5.996	2	2
6.156	2	2
6.496	2	3
6.777	2	3
7.004	2	3
7.270	2	3
7.496	2	3
7.992	2	3
8.270	2	3
8.504	2	3
8.773	2	3
9.160	2	3
9.492	2	3
9.773	2	3
9.992	2	3
10.273	2	3
10.590	2	1
10.980	2	1
11.273	2	2
11.777	2	2
12.117	2	2
12.488	2	3
12.773	2	3
13.273	2	3
13.551	2	2
13.988	2	3
14.273	2	3
14.492	2	3
14.770	2	3
15.078	1	1
15.484	2	1
15.770	2	2
16.027	2	2
16.531	2	1
17.000	1	3
17.273	2	3
17.496	2	3
17.773	2	3
18.023	2	3
18.496	2	3
18.770	1	3
19.020	2	3
19.273	2	3
19.523	2	3
19.992	2	3
20.270	2	3
20.523	2	3
20.781	2	3
21.020	2	3
21.496	2	3
21.770	2	3
21.992	2	3
22.270	2	3
22.586	2	3
23.004	2	3
23.281	2	3
23.492	2	3
23.766	2	3
24.066	1	2
24.488	2	3
24.773	2	3
24.992	2	3
25.273	2	3
25.582	2	3
26.004	2	3
26.273	2	3
26.492	2	3
26.773	2	3
26.996	2	3
27.199	2	2
27.496	2	3
27.777	2	2
28.254	2	1
28.516	1	1
29.000	2	2
29.277	1	2
30.023	2	1
30.496	2	3
30.770	2	3
30.996	2	3
31.273	2	2
31.508	1	1
31.996	2	3
32.277	2	3
32.496	2	3
32.777	2	2
33.027	2	1
33.492	2	2
33.777	2	2
33.984	2	2
34.270	2	2
34.508	1	1
34.762	1	1
35.031	2	3
35.270	2	3
35.488	2	3
36.027	2	1
36.484	2	3
36.777	2	3
36.992	2	3
37.270	2	2
37.512	1	1
38.027	2	2
38.270	2	2
38.773	2	1
39.027	2	1
39.516	2	1
39.785	2	1
40.023	2	2
40.262	2	1
40.516	1	1
40.996	2	3
41.273	2	3
41.496	2	3
41.773	2	3
42.027	2	1
42.551	1	3
42.777	2	3
43.000	2	3
43.277	2	3
43.512	1	1
43.996	2	3
44.277	2	3
44.504	2	3
45.023	1	1
45.496	2	3
45.770	2	3
46.000	2	3
46.277	2	3
46.512	2	1
46.992	2	3
47.270	2	3
47.488	2	3
48.027	2	1
48.496	2	3
48.773	1	2
48.996	2	3
49.277	2	3
49.512	1	1
49.984	2	2
50.277	2	2
50.492	2	2
50.770	2	2
51.027	2	1
51.285	2	1
51.773	1	1
52.016	1	1
52.266	1	1
52.516	1	1
53.004	2	2
53.273	2	2
53.496	2	2
53.770	2	2
54.027	2	1
54.500	2	2
54.785	2	2
54.988	2	2
55.289	2	1
55.516	1	1
56.008	2	3
56.277	2	3
56.539	2	2
56.781	2	2
57.027	2	1
57.500	2	3
57.781	2	2
57.996	2	1
58.281	2	2
58.512	1	1
58.766	2	1
59.016	2	1
59.270	2	2
59.496	2	2
60.023	2	1
60.496	2	2
60.770	2	2
60.996	2	3
61.273	2	3
61.512	1	1
62.051	2	1
62.277	2	1
62.484	2	1
62.781	2	1
63.027	2	1
63.543	1	1
63.770	2	1
64.008	2	1
64.512	1	1
65.047	2	3
65.273	1	3
65.496	2	3
66.027	2	1
66.535	2	3
66.797	2	3
67.004	2	3
67.273	2	3
67.512	2	1
68.039	2	3
68.285	2	3
68.496	1	3
68.773	2	3
69.023	2	1
69.543	2	3
69.785	2	3
70.004	2	3
70.270	2	3
70.512	1	1
71.008	2	3
71.285	2	2
71.770	2	3
72.027	2	1
72.500	2	2
72.781	2	1
72.980	2	2
73.273	2	2
73.516	1	1
73.762	2	2
74.000	1	3
74.281	2	3
74.484	2	3
74.773	2	2
75.027	2	1
75.512	2	3
75.773	2	2
75.973	2	2
76.289	2	1
76.512	1	1
77.016	2	1
77.277	2	1
77.773	2	1
78.027	2	1
78.508	2	2
78.781	2	1
79.039	2	2
79.273	2	1
79.516	1	1
79.996	2	1
80.281	2	1
80.488	2	1
80.781	2	1
81.027	2	1
81.270	2	1
81.508	2	2
81.781	2	2
82.051	1	2
82.277	2	2
82.512	1	1
83.273	2	1
83.785	2	1
84.023	2	1
84.500	2	2
84.781	2	1
84.996	2	2
85.277	2	2
85.512	1	1
86.273	2	1
86.781	2	1
87.027	2	1
87.777	2	1
88.023	2	1
88.293	2	1
88.512	1	1
89.031	2	3
89.277	2	3
89.500	2	3
89.793	2	2
90.027	2	1
90.543	2	2
90.773	2	2
91.000	1	3
91.273	2	3
91.512	1	1
92.043	2	3
92.277	2	3
92.496	2	3
92.773	2	3
93.027	2	1
93.543	2	3
93.785	2	2
94.008	2	2
94.285	1	2
94.516	1	1
95.008	1	2
95.281	2	2
95.488	2	2
95.781	2	2
96.027	2	1
96.512	2	2
96.785	2	2
96.992	2	3
97.277	2	3
97.516	1	1
97.762	2	1
98.004	1	2
98.277	2	2
98.504	2	3
99.027	2	1
99.305	2	2
99.781	2	1
100.016	2	2
100.277	2	1
100.516	1	1
100.867	1	1
101.324	1	2
101.570	1	3
102.027	2	1
102.523	2	3
103.020	2	3
103.512	1	2
103.813	2	1
104.031	2	2
104.527	2	3
105.027	2	2
105.523	2	3
105.750	2	3
106.039	2	3
106.516	1	2
107.035	2	3
107.535	2	3
108.023	2	2
108.516	2	3
109.027	2	3
109.516	1	2
110.031	2	2
110.516	2	3
111.027	2	2
111.531	2	3
112.020	2	3
112.512	1	2
113.004	2	3
113.496	2	3
114.027	2	2
114.496	2	3
115.000	2	3
115.281	2	3
115.516	1	2
116.035	2	3
116.500	2	3
117.023	2	2
117.508	2	3
118.012	2	3
118.512	1	3
119.012	2	3
119.508	2	3
120.027	2	2
120.504	2	3
120.730	2	3
121.000	2	3
121.512	1	3
122.039	2	3
122.504	1	3
122.785	2	3
123.027	2	2
123.277	2	3
123.504	2	3
123.785	2	3
124.031	2	3
124.281	2	3
124.512	1	3
125.012	2	3
125.504	2	3
126.023	2	3
126.504	2	3
127.004	2	3
127.504	2	3
128.000	2	3
128.500	2	3
129.000	2	3
129.500	2	3
130.000	2	3
130.512	2	3
130.992	2	3
131.281	2	3
131.496	2	3
131.766	2	3
132.109	2	2
132.488	2	3
132.770	2	3
132.988	2	3
133.277	2	3
133.504	2	2
134.000	2	3
134.266	2	3
134.566	2	3
134.773	2	3
135.098	2	2
135.492	2	3
135.777	2	3
135.992	2	3
136.273	2	3
136.559	1	1
136.996	2	2
137.262	2	2
137.484	2	3
137.781	2	3
138.105	1	1
138.496	2	2
138.762	2	3
138.992	2	3
139.281	2	3
139.613	2	1
139.984	2	2
140.281	2	2
140.480	2	3
140.766	2	2
141.063	1	1
141.488	2	2
141.770	2	2
142.039	1	2
142.277	2	2
142.543	1	2
142.996	2	3
143.281	2	3
143.523	2	3
143.785	2	3
144.016	2	3
144.496	2	3
144.777	1	3
145.004	1	3
145.277	2	3
145.504	2	3
145.996	2	3
146.281	2	3
146.520	2	3
146.777	2	3
147.008	2	3
147.496	2	3
147.770	2	3
147.988	2	3
148.277	2	3
148.582	2	2
148.992	2	3
149.270	2	3
149.492	2	3
149.770	2	3
150.012	2	3
150.488	2	3
150.773	2	3
150.988	2	3
151.281	2	3
151.496	2	3
151.992	2	3
152.273	2	3
152.500	2	3
152.777	2	3
153.000	2	2
153.484	2	2
153.773	2	2
154.254	2	1
154.516	1	1
154.980	2	2
155.277	2	2
155.500	2	2
155.766	2	2
156.023	2	1
156.496	2	3
156.766	2	3
157.063	2	3
157.273	2	2
157.508	1	1
157.996	2	3
158.273	1	3
158.559	2	3
158.773	2	3
159.027	2	1
159.492	2	2
159.785	2	2
159.992	2	2
160.273	2	2
160.508	1	1
160.762	1	1
161.270	2	2
161.477	2	2
161.781	2	2
162.027	2	1
162.496	2	2
162.773	2	2
162.992	2	2
163.508	2	1
164.004	2	1
164.273	2	2
164.477	2	2
164.762	1	1
165.027	2	1
165.512	2	1
166.027	2	2
166.262	2	1
166.516	1	1
167.004	1	3
167.277	2	3
167.496	2	3
168.027	2	1
168.496	2	3
168.773	2	3
169.012	2	3
169.277	2	3
169.512	1	1
169.996	2	3
170.273	2	3
170.508	2	3
171.023	1	1
171.496	2	3
172.000	2	3
172.277	2	3
172.512	2	2
173.008	2	3
173.277	2	3
173.770	2	3
174.027	2	1
174.500	2	3
174.781	2	3
175.000	2	3
175.270	2	3
175.512	1	1
175.984	2	3
176.273	2	3
176.496	2	3
177.027	2	1
177.281	2	1
177.773	1	1
178.020	1	1
178.266	1	1
178.516	1	1
179.004	2	3
179.277	2	3
179.543	2	2
179.770	2	2
180.027	2	1
180.500	2	2
180.777	2	2
181.000	2	2
181.277	2	2
181.512	1	1
182.004	2	3
182.281	2	3
182.496	2	2
182.770	2	2
183.027	2	1
183.258	2	1
183.512	2	3
183.773	1	2
184.012	2	2
184.281	2	2
184.512	1	1
184.992	2	1
185.273	2	1
185.770	2	1
186.027	2	1
186.492	2	1
186.781	2	1
187.000	2	2
187.273	2	1
187.508	2	1
188.043	1	1
188.273	2	2
188.496	2	2
189.023	2	1
189.531	2	1
189.734	2	1
190.016	1	1
190.516	1	1
191.043	2	3
191.301	2	3
191.512	2	3
191.773	2	3
192.027	2	1
192.535	2	2
192.781	2	3
193.004	1	3
193.273	2	3
193.512	1	1
194.035	2	3
194.277	2	3
194.492	2	3
194.773	2	3
195.027	2	1
195.543	2	3
195.773	1	3
195.996	1	3
196.512	1	2
197.000	2	2
197.289	2	2
197.484	2	3
197.773	1	3
198.027	2	1
198.500	2	3
198.785	2	3
198.996	2	3
199.270	2	3
199.512	1	1
200.000	2	2
200.277	2	1
200.484	2	2
200.770	2	2
201.031	2	1
201.379	2	1
201.770	2	1
202.270	2	1
202.512	1	1
203.004	2	2
203.281	2	2
203.496	2	2
204.023	2	1
204.500	2	2
204.785	2	1
205.027	2	1
205.516	1	1
206.000	2	3
206.277	2	3
206.551	1	3
206.773	2	2
207.027	2	1
207.270	2	1
207.508	1	1
207.777	2	2
207.988	2	2
208.281	2	2
208.512	1	1
209.000	2	2
209.281	2	2
209.770	2	1
210.027	2	1
210.785	2	1
211.000	2	2
211.273	2	1
211.512	1	1
211.770	2	2
212.047	2	3
212.277	2	2
212.488	2	2
212.773	2	2
213.027	2	1
213.277	2	1
213.773	2	2
214.027	2	2
214.516	1	1
215.035	2	2
215.289	2	2
215.488	2	3
215.789	2	3
216.023	2	1
216.535	2	3
216.773	2	3
217.000	2	3
217.277	2	3
217.516	1	1
218.027	2	3
218.281	2	3
218.488	2	3
218.770	2	3
219.023	2	1
219.543	2	3
219.785	2	3
220.012	2	3
220.277	1	2
220.516	1	1
221.004	1	2
221.285	2	2
221.773	2	3
222.031	2	1
222.504	1	2
222.797	2	2
222.988	2	3
223.273	2	3
223.512	1	2
224.012	2	3
224.277	2	3
224.484	2	3
224.773	2	3
225.027	2	1
225.535	2	2
225.777	2	2
226.016	1	1
226.281	2	1
226.520	1	1
227.535	2	3
228.027	2	1
228.531	2	3
229.031	2	3
229.516	1	1
230.027	2	2
230.531	2	3
231.027	2	2
231.527	2	3
231.738	2	3
232.043	2	3
232.520	1	2
233.527	2	3
234.027	2	2
234.523	2	3
234.813	2	3
235.031	2	3
235.516	1	2
236.031	2	3
236.535	2	3
237.027	2	2
237.523	2	3
238.023	2	3
238.516	1	1
239.004	2	3
239.496	2	3
240.027	2	2
240.496	2	3
241.000	2	3
241.281	2	3
241.512	1	3
241.789	1	3
242.035	2	3
242.516	2	3
242.777	2	3
243.027	2	2
243.516	2	3
243.844	2	3
244.020	2	3
244.227	2	3
244.512	2	2
244.996	2	3
245.500	2	3
246.027	2	2
246.508	2	3
247.000	2	3
247.512	1	3
248.020	2	3
248.512	2	3
248.781	2	3
249.027	2	2
249.289	2	3
249.508	1	3
249.785	2	3
250.031	2	3
250.281	2	3
250.512	1	3
251.008	2	3
251.508	2	3
252.023	2	3
252.504	2	3
253.004	2	3
253.281	2	3
253.594	2	3
254.348	2	3
