0.215	2	3
0.418	2	3
0.613	2	3
0.816	2	3
1.008	2	3
1.215	2	3
1.406	2	3
1.609	2	3
1.805	2	3
2.008	2	3
2.203	2	3
2.402	2	3
2.598	2	3
2.801	2	3
2.996	2	3
3.410	1	3
3.805	1	3
4.203	1	3
4.602	1	3
4.996	1	3
5.395	1	3
5.793	1	3
6.191	1	3
6.586	1	3
6.984	1	3
7.383	1	3
7.777	1	3
8.176	1	3
8.574	1	3
8.973	1	3
9.367	1	3
9.766	1	3
10.164	1	3
10.563	1	3
10.961	1	3
11.355	1	3
11.754	1	3
12.152	1	3
12.547	1	3
12.945	1	3
13.344	1	3
13.738	1	3
14.137	1	3
14.531	1	3
14.930	1	3
15.328	1	3
15.727	1	3
16.125	1	3
16.520	1	3
16.918	1	3
17.316	1	3
17.715	1	3
18.109	1	3
18.508	1	3
18.902	1	3
19.301	1	3
19.699	1	3
20.098	1	3
20.492	1	3
20.891	1	3
21.285	2	3
21.688	1	3
22.082	1	3
22.480	1	3
22.879	1	3
23.277	1	3
23.676	1	3
24.070	1	3
24.469	1	3
24.867	1	3
25.262	1	3
25.660	1	3
26.059	1	3
26.453	1	3
26.852	1	3
27.250	1	3
27.645	1	3
28.043	1	3
28.441	1	3
28.840	1	3
29.234	1	3
29.633	1	3
30.031	1	3
30.430	1	3
30.824	1	3
31.223	1	3
31.621	1	3
32.016	1	3
32.414	1	3
32.813	1	3
33.207	1	3
33.605	1	3
34.004	1	3
34.398	1	3
34.797	1	3
35.195	1	3
35.594	1	3
35.992	1	3
36.391	1	3
36.785	1	3
37.184	1	3
37.582	1	3
37.980	1	3
38.375	1	3
38.770	1	3
39.168	1	3
39.566	1	3
39.965	1	3
40.359	1	3
40.758	1	3
41.156	1	3
41.555	1	3
41.949	1	2
42.348	1	2
42.746	1	2
43.145	1	3
43.539	1	3
43.938	1	3
44.336	1	3
44.734	1	2
45.129	1	1
45.527	1	3
45.926	1	3
46.320	1	2
46.719	1	3
47.117	1	3
47.516	1	3
47.910	1	2
48.309	1	1
48.711	1	2
49.105	1	2
49.500	1	3
49.898	1	3
50.297	1	3
50.695	1	3
51.090	1	2
51.488	1	1
51.883	1	1
52.281	1	2
52.680	1	3
53.078	1	3
53.473	1	3
53.871	1	3
54.270	1	1
54.664	1	1
55.063	1	2
55.461	1	2
55.855	1	2
56.254	1	3
56.652	1	3
57.051	1	3
57.445	1	2
57.848	1	2
58.242	1	1
58.641	1	1
59.035	1	2
59.434	1	3
59.832	1	3
60.230	1	2
60.629	1	3
61.027	1	1
61.422	1	2
61.820	1	1
62.215	1	2
62.617	1	3
63.008	1	3
63.410	1	2
63.805	1	2
64.203	1	1
64.598	1	2
64.996	1	2
65.391	1	2
65.793	1	3
66.188	1	3
66.586	1	3
66.984	1	1
67.379	1	2
67.777	1	3
68.176	1	3
68.574	1	3
68.969	1	3
69.367	1	3
69.766	1	3
70.160	1	2
70.559	1	1
70.957	1	1
71.355	1	1
71.750	1	3
72.148	1	3
72.547	1	3
72.945	1	2
73.344	1	2
73.738	1	1
74.137	1	1
74.535	1	1
74.930	1	3
75.328	1	2
75.727	1	3
76.125	1	2
76.520	1	2
76.918	1	1
77.313	1	2
77.711	1	1
78.109	1	2
78.508	1	3
78.902	1	3
79.301	1	2
79.699	1	1
80.098	1	1
80.492	1	2
80.695	2	3
80.891	1	1
81.090	2	1
81.289	1	1
81.684	1	3
82.082	1	1
82.281	2	2
82.480	1	2
82.875	1	2
83.273	1	1
83.672	1	2
84.070	1	1
84.465	1	2
84.863	1	2
85.262	1	3
85.660	1	2
86.059	1	1
86.453	1	1
86.852	1	1
87.250	1	1
87.445	2	1
87.648	1	1
88.043	1	2
88.441	1	3
88.637	2	3
88.840	1	2
89.234	1	1
89.629	1	1
90.027	1	1
90.426	1	2
90.824	1	2
91.223	1	3
91.617	1	3
92.016	1	2
92.414	1	1
92.813	1	1
93.207	1	2
93.410	2	1
93.602	1	1
93.805	2	1
94.000	1	1
94.398	1	3
94.797	1	2
94.992	2	2
95.195	1	2
95.590	1	1
95.988	1	1
96.383	1	1
96.785	1	2
97.180	1	2
97.578	1	2
97.977	1	3
98.375	1	2
98.773	1	1
99.172	1	1
99.566	1	1
99.965	1	1
100.164	2	1
100.359	1	1
100.758	1	2
101.156	1	2
101.359	2	2
101.555	1	2
101.949	1	1
102.344	1	1
102.742	1	1
103.145	1	2
103.539	1	1
103.938	1	2
104.332	1	3
104.730	1	3
105.129	1	1
105.523	1	1
105.922	1	1
106.320	1	1
106.523	2	1
106.719	1	1
107.113	1	2
107.512	1	2
107.707	2	3
107.910	1	3
108.305	1	2
108.703	1	1
109.098	1	1
109.500	1	2
109.895	1	2
110.293	1	2
110.691	1	2
111.090	1	2
111.488	1	2
111.887	1	1
112.281	1	1
112.680	1	1
112.887	2	1
113.078	1	1
113.473	1	3
113.871	1	2
114.082	2	2
114.270	1	2
114.668	1	2
115.063	1	1
115.457	1	1
115.855	1	1
116.250	1	2
116.648	1	3
117.047	1	3
117.242	2	3
117.445	1	1
117.844	1	1
118.238	1	1
118.637	1	2
118.836	2	2
119.035	1	1
119.250	2	1
119.434	1	1
119.828	1	2
120.227	1	2
120.430	2	2
120.625	1	2
121.020	1	2
121.418	1	2
121.813	1	1
122.211	1	1
122.609	1	2
123.008	1	3
123.406	1	3
123.805	1	2
124.203	1	2
124.598	1	1
124.996	1	1
125.391	1	1
125.602	2	1
125.789	1	1
126.188	1	2
126.586	1	3
126.793	2	3
126.980	1	1
127.379	1	1
127.777	1	1
128.172	1	1
128.570	1	1
128.969	1	2
129.367	1	3
129.762	1	2
130.160	1	2
130.555	1	2
130.957	1	3
131.352	1	3
131.750	1	3
132.148	1	3
132.547	1	3
132.941	1	3
133.340	1	3
133.734	1	3
134.133	1	3
134.531	1	3
134.926	1	2
135.324	1	3
135.723	1	3
136.121	1	3
136.516	1	2
136.918	1	3
137.316	1	3
137.711	1	3
138.109	1	3
138.508	1	3
138.906	1	3
139.301	1	3
139.699	1	3
140.094	1	3
140.488	1	3
140.887	1	3
141.285	1	3
141.684	1	3
142.078	1	3
142.480	1	3
142.875	1	3
143.273	2	3
143.672	1	3
144.070	1	3
144.465	1	3
144.863	1	3
145.258	1	3
145.656	1	3
146.059	1	3
146.449	1	3
146.848	1	3
147.246	1	3
147.645	1	3
148.039	1	3
148.441	1	3
148.840	1	3
149.230	1	3
149.633	1	3
150.031	1	3
150.426	1	3
150.824	1	3
151.223	1	3
151.617	1	3
152.020	1	3
152.414	1	3
152.809	1	1
153.203	1	1
153.602	1	1
154.000	1	2
154.398	1	1
154.793	1	3
155.195	1	3
155.590	1	3
155.992	1	3
156.383	1	3
156.781	1	3
157.180	1	3
157.578	1	3
157.977	1	3
158.371	1	3
158.770	1	3
160.758	1	3
161.156	1	1
161.555	1	2
161.754	2	1
161.953	1	1
162.148	2	1
162.348	1	1
162.746	1	3
163.145	1	3
163.344	2	2
163.543	1	2
163.938	1	1
164.336	1	1
164.734	1	1
165.129	1	1
165.523	1	3
165.926	1	3
166.324	1	2
166.723	1	2
167.121	1	2
167.516	1	1
167.910	1	1
168.309	1	1
168.508	2	1
168.707	1	1
169.105	1	2
169.500	1	2
169.898	1	2
170.297	1	2
170.695	1	1
171.090	1	1
171.488	1	2
171.883	1	1
172.285	1	2
172.676	1	3
173.078	1	2
173.473	1	1
173.871	1	1
174.270	1	2
174.668	1	1
174.867	2	1
175.066	1	1
175.461	1	3
175.859	1	2
176.059	2	2
176.262	1	3
176.652	1	2
177.055	1	1
177.445	1	2
177.844	1	1
178.242	1	2
178.641	1	3
179.039	1	2
179.438	1	2
179.832	1	2
180.230	1	1
180.625	1	1
181.027	1	1
181.227	2	1
181.422	1	1
181.820	1	2
182.219	1	2
182.418	2	3
182.617	1	2
183.012	1	1
183.410	1	1
183.805	1	1
184.203	1	2
184.598	1	2
184.996	1	2
185.395	1	3
185.793	1	2
186.188	1	1
186.586	1	1
186.984	1	2
187.379	1	1
187.590	2	1
187.781	1	1
188.176	1	3
188.574	1	3
188.777	2	2
188.973	1	2
189.367	1	3
189.766	1	2
190.160	1	1
190.563	1	2
190.953	2	2
191.355	1	2
191.754	1	3
192.152	1	2
192.547	1	2
192.945	1	1
193.340	1	1
193.742	1	1
193.945	2	1
194.141	1	1
194.535	1	2
194.930	1	3
195.133	2	3
195.332	1	2
195.727	1	1
196.125	1	1
196.520	1	2
196.918	1	2
197.313	1	2
197.711	1	3
198.109	1	3
198.508	1	2
198.902	1	1
199.301	1	1
199.699	1	2
200.094	1	1
200.309	2	1
200.492	1	1
200.891	1	3
201.289	1	3
201.496	2	2
201.684	1	2
202.082	1	2
202.480	1	1
202.875	1	1
203.273	1	2
203.668	2	3
204.070	1	3
204.469	1	3
204.867	1	3
205.266	1	3
205.660	1	3
206.059	1	3
206.453	1	3
206.668	2	3
206.855	1	3
207.250	1	3
207.648	1	3
208.047	1	3
208.441	1	3
208.840	2	3
209.234	2	3
209.629	2	3
210.027	2	3
210.426	2	3
210.824	2	3
211.223	2	3
211.809	2	3
212.203	2	3
212.406	2	3
213.203	2	3
213.395	2	3
214.004	2	3
214.590	2	3
