0.129	2	3
0.496	2	3
0.891	2	3
1.402	2	3
1.637	2	3
1.887	2	3
2.258	2	3
2.621	2	3
2.910	2	3
3.391	1	2
3.641	1	2
3.887	1	3
4.258	2	3
4.520	1	3
4.914	1	3
5.637	2	3
5.891	1	1
6.262	1	2
6.527	2	3
6.906	2	3
7.398	2	3
7.641	1	3
7.883	2	2
8.250	2	2
8.504	1	2
8.887	2	2
9.379	2	3
9.645	2	3
9.891	2	3
10.254	2	3
10.508	1	3
10.883	1	3
11.379	2	3
11.641	2	3
11.887	1	3
12.242	2	3
12.516	2	3
12.887	1	3
13.375	2	2
13.891	2	3
14.254	1	3
14.512	2	3
14.887	1	3
15.375	2	3
15.633	2	3
15.891	2	3
16.254	2	2
16.633	2	3
16.879	1	1
17.492	1	1
17.996	2	1
18.258	2	3
18.504	1	3
18.871	1	3
19.375	2	3
19.879	1	2
20.250	2	3
20.500	1	3
20.879	1	2
21.371	2	1
21.879	1	1
22.250	1	1
22.504	1	1
22.738	2	1
23.367	2	2
23.633	2	3
23.871	1	3
24.246	2	1
24.625	2	1
24.879	1	1
25.371	2	1
25.637	2	2
25.891	2	1
26.266	1	1
26.504	2	2
26.875	1	3
27.375	2	3
27.641	2	3
27.883	2	3
28.121	1	3
28.496	2	3
28.879	1	3
29.375	2	1
29.895	2	2
30.262	2	1
30.500	2	1
30.875	1	3
31.371	2	2
31.633	2	3
31.891	2	3
32.117	2	3
32.496	2	1
32.883	1	1
33.246	2	2
33.633	2	2
34.023	2	3
34.250	1	2
34.766	2	2
35.242	2	2
35.625	1	2
35.887	2	3
36.254	1	3
36.508	2	1
36.898	2	1
37.246	1	2
37.625	1	2
37.887	2	3
38.250	1	2
38.520	1	1
38.770	2	1
39.383	2	3
39.625	2	2
40.000	1	3
40.250	2	3
40.883	1	3
41.371	2	1
41.637	2	3
41.887	2	2
42.258	2	1
42.504	2	1
42.875	1	3
43.375	2	2
43.637	2	3
43.883	2	3
44.121	1	3
44.500	2	3
44.875	1	2
45.379	2	1
45.891	2	2
46.262	2	1
46.496	2	1
46.879	1	2
47.371	2	2
47.625	2	2
48.121	1	3
48.496	2	2
48.879	1	1
49.367	2	1
49.637	2	2
49.891	2	2
50.258	2	1
50.625	2	1
50.879	1	2
51.109	2	2
51.379	2	1
51.645	1	1
51.883	1	1
52.117	2	1
52.500	2	2
52.875	1	1
53.375	2	1
53.645	1	1
53.891	1	1
54.266	1	1
54.500	2	1
54.879	1	1
55.117	2	1
55.371	2	1
55.641	1	1
55.895	1	1
56.121	1	2
56.496	2	1
56.879	1	2
57.371	2	1
57.637	2	2
57.887	2	3
58.246	2	2
58.504	2	1
58.875	1	2
59.125	2	1
59.375	2	1
59.648	2	2
59.887	2	3
60.250	2	2
60.500	2	2
60.871	1	2
61.379	2	1
61.637	2	1
61.887	2	3
62.254	2	2
62.500	2	1
62.875	1	1
63.371	2	1
63.641	1	1
63.883	2	2
64.117	2	2
64.496	2	2
64.871	2	3
65.371	2	3
65.996	2	3
66.242	2	3
66.617	2	3
66.871	2	3
67.367	2	3
67.867	2	3
68.617	2	3
68.871	1	3
69.137	2	3
69.516	2	3
69.754	2	3
70.254	2	3
70.516	2	3
70.898	2	3
71.141	2	3
71.543	2	3
71.762	2	3
72.387	2	3
72.648	2	3
72.887	2	3
73.129	2	3
73.539	2	3
73.773	2	3
74.258	2	3
74.648	2	3
74.898	2	3
75.371	1	3
75.871	1	3
76.137	1	3
76.617	2	3
76.875	1	3
77.363	2	3
77.754	2	3
78.117	2	3
78.496	2	3
78.883	1	3
79.371	2	3
79.539	2	3
79.754	2	3
80.117	2	3
80.496	2	3
80.879	1	3
81.375	2	3
81.766	2	3
82.117	2	3
82.496	2	3
82.879	1	3
83.371	2	3
83.766	2	3
84.125	1	1
84.496	2	1
84.887	1	1
85.246	2	2
85.633	2	2
86.023	2	3
86.254	1	2
86.762	2	2
87.246	1	2
87.625	1	2
87.887	1	3
88.254	1	3
88.512	2	1
88.898	2	1
89.246	1	2
89.625	1	2
89.887	2	3
90.250	1	2
90.520	1	1
90.879	1	1
91.379	2	3
91.629	1	2
91.875	2	2
92.262	1	2
92.496	2	3
92.883	1	2
93.383	1	2
93.641	2	2
94.023	2	3
94.250	1	3
94.766	2	2
95.242	2	2
95.625	1	2
95.887	1	3
96.254	1	3
96.512	2	1
96.898	2	1
97.246	1	2
97.625	1	2
97.887	2	3
98.250	1	2
98.520	1	1
98.770	2	1
99.383	2	3
99.625	2	2
100.000	1	3
100.250	2	3
100.879	2	3
101.383	2	3
101.754	2	3
102.250	2	3
102.645	2	3
103.004	2	3
103.375	2	3
103.629	2	3
103.879	2	3
104.250	2	3
104.648	2	3
105.129	2	3
105.508	2	3
105.762	2	3
106.000	2	3
106.246	2	3
106.641	2	3
107.266	2	3
107.621	2	3
107.879	2	3
108.250	2	3
108.496	2	3
108.879	1	2
109.371	2	1
109.637	2	3
109.887	2	2
110.258	2	1
110.500	2	1
110.871	2	3
111.375	2	2
111.637	2	3
111.883	2	3
112.121	1	3
112.500	2	3
112.875	1	2
113.379	2	1
113.891	2	2
114.262	2	1
114.496	2	1
114.879	1	2
115.371	2	2
115.625	2	2
116.121	1	3
116.492	2	3
116.879	1	1
117.367	2	1
117.637	2	2
117.887	2	2
118.262	2	1
118.629	2	1
118.879	1	2
119.109	2	2
119.383	2	1
119.645	1	1
119.883	1	1
120.117	2	1
120.504	2	2
120.875	1	1
121.375	2	1
121.645	1	1
121.891	1	1
122.266	1	1
122.500	2	1
122.879	1	1
123.117	2	2
123.371	2	1
123.641	1	1
123.895	1	1
124.121	1	2
124.496	2	1
124.875	1	2
125.371	2	2
125.637	2	3
125.887	2	3
126.121	1	3
126.500	2	3
126.875	1	3
127.375	2	2
127.645	2	3
127.887	2	3
128.121	1	3
128.496	2	3
128.871	1	3
129.375	2	1
129.633	2	3
129.887	2	3
130.117	2	3
130.500	2	2
130.883	2	3
131.113	2	3
131.375	1	3
131.633	2	3
131.875	1	3
132.262	2	3
132.625	1	3
132.875	1	2
