4.488	1	3
4.797	1	3
5.090	1	3
5.375	1	3
5.992	1	3
6.590	1	3
6.895	1	3
7.207	1	3
8.969	1	3
9.289	1	3
9.598	1	3
9.895	1	3
10.793	1	3
11.391	1	3
11.691	1	3
12.008	1	3
12.566	1	3
13.469	1	3
13.770	1	3
14.090	1	3
14.395	1	3
14.695	1	3
14.977	1	3
15.590	1	3
16.180	1	3
16.496	1	3
16.813	1	3
17.367	1	3
17.695	1	3
18.270	1	3
18.586	1	3
18.895	1	3
19.195	1	3
19.773	1	3
20.242	1	3
20.672	1	3
20.969	1	3
21.590	1	3
21.883	1	3
22.172	1	3
22.488	1	3
22.648	1	3
23.074	1	3
23.367	1	3
23.688	1	3
23.992	1	3
24.293	1	3
24.570	1	3
25.195	1	3
25.793	1	3
26.094	1	3
26.406	1	3
26.969	1	3
27.867	1	3
28.168	1	3
28.488	1	3
28.797	1	3
29.094	1	3
29.992	1	3
30.586	1	3
30.895	1	3
31.238	1	3
31.770	1	3
32.668	1	3
32.969	1	3
33.289	1	3
33.594	1	3
33.895	1	3
34.172	1	3
34.789	1	3
35.383	1	3
35.695	1	3
36.297	1	3
36.895	1	3
37.781	1	3
38.094	1	3
38.414	1	3
38.980	1	3
39.578	1	3
39.875	1	3
40.172	1	3
40.789	1	3
41.371	1	3
41.691	1	3
41.977	1	3
42.566	1	3
42.891	1	3
43.176	2	2
43.492	1	2
43.762	1	3
44.375	2	2
44.973	1	3
45.297	1	2
45.566	1	1
46.164	1	3
46.488	1	3
46.766	1	3
47.363	1	3
47.688	1	3
47.980	2	1
48.293	1	1
48.566	1	1
49.176	2	2
49.777	1	1
50.098	1	1
50.371	2	1
50.668	2	1
50.965	1	3
51.566	1	3
52.164	1	3
52.484	1	3
52.777	2	2
53.090	1	1
53.367	1	3
53.973	2	3
54.289	1	3
54.574	1	2
54.895	1	3
55.172	2	2
55.766	1	3
56.086	1	3
56.371	2	2
56.672	2	3
56.969	1	3
57.293	1	2
57.570	2	1
58.164	1	2
58.766	1	3
59.375	1	3
59.691	1	2
59.969	2	2
60.563	1	3
61.164	1	2
61.469	1	3
61.762	1	3
62.074	2	3
62.379	2	2
62.691	1	2
62.973	1	2
63.285	1	2
63.574	2	1
64.176	1	3
64.496	1	2
64.766	1	2
65.363	1	3
65.672	1	3
65.965	1	3
66.566	1	3
66.891	1	3
67.184	2	1
67.492	1	1
67.773	1	1
68.086	1	2
68.375	2	2
68.977	1	3
69.293	1	2
69.574	2	2
69.863	1	2
70.164	1	2
70.496	1	3
70.766	1	3
71.371	1	3
71.668	1	3
71.977	2	2
72.293	1	2
72.563	1	3
72.891	1	3
73.172	2	3
73.773	1	3
74.094	1	3
74.367	2	3
74.695	1	2
74.965	1	2
75.293	1	2
75.566	1	3
76.168	1	3
76.492	1	3
76.770	2	3
77.367	1	3
77.965	1	3
78.566	1	3
79.168	2	3
79.762	1	3
80.070	1	3
80.367	2	2
80.664	1	3
80.969	1	3
81.273	2	2
81.574	2	1
81.887	1	1
82.164	1	3
82.484	1	3
82.781	2	1
83.379	1	1
83.695	1	1
83.969	2	2
84.563	1	3
84.891	1	3
85.180	2	1
85.488	1	1
85.773	1	1
86.098	1	1
86.375	2	1
86.688	1	1
86.977	1	1
87.242	1	3
87.445	1	3
87.617	1	3
88.176	2	1
88.484	2	1
89.070	2	3
89.371	1	3
89.523	2	2
89.691	1	3
89.977	2	2
90.289	1	3
90.574	1	3
90.891	1	3
91.172	2	2
91.492	1	1
91.770	1	2
92.070	1	3
92.367	2	3
92.977	1	2
93.281	2	1
93.566	1	1
94.164	1	3
94.488	1	3
94.777	2	1
95.074	2	2
95.375	1	3
95.977	2	2
96.566	1	3
96.887	1	3
97.164	1	3
97.473	1	3
97.762	1	3
98.395	1	1
98.965	1	3
99.566	1	2
99.871	2	3
100.164	1	3
100.480	2	1
100.762	1	1
101.109	1	3
101.363	1	3
101.695	1	3
101.965	1	3
102.266	1	3
102.566	1	3
102.871	2	2
103.504	1	3
104.109	1	3
105.289	1	3
105.574	2	2
105.891	1	1
106.164	1	3
106.773	2	1
107.375	1	2
107.691	1	3
107.969	2	2
108.281	1	3
108.563	1	3
108.891	1	3
109.164	1	3
109.766	1	3
110.090	1	3
110.379	2	1
110.691	1	1
110.965	1	1
111.574	2	3
112.172	1	3
112.488	1	3
112.770	2	3
113.367	1	2
113.691	1	1
113.965	1	2
114.266	1	3
114.563	1	3
114.871	2	3
115.176	2	1
115.492	1	2
115.762	1	3
116.090	1	3
116.371	2	3
116.977	1	1
117.281	2	1
117.563	1	1
118.164	1	3
118.480	1	3
119.070	2	3
119.375	1	2
119.695	1	2
119.969	2	2
120.566	1	3
121.168	2	3
121.766	1	3
122.371	2	2
122.965	1	2
123.566	2	1
123.867	1	3
124.164	1	3
124.469	2	3
124.777	2	1
125.086	1	1
125.367	1	2
125.688	1	3
125.980	2	1
126.578	1	1
126.898	1	1
127.164	1	2
127.512	1	3
127.762	1	3
128.363	1	3
128.664	1	3
128.965	1	3
129.273	2	3
129.574	2	2
129.895	1	1
130.168	1	2
130.488	1	2
130.777	2	1
131.375	1	1
131.695	1	2
131.969	2	1
132.570	1	2
132.895	1	2
133.168	2	3
133.465	1	3
133.770	1	3
133.988	1	3
134.184	1	3
134.375	2	2
134.688	1	1
134.965	1	3
135.285	1	3
135.574	2	2
135.887	1	3
136.172	1	2
136.496	1	1
136.766	2	1
137.094	1	1
137.363	1	1
137.688	1	1
137.965	1	1
138.262	1	3
138.566	1	3
138.879	2	1
139.172	2	1
139.445	1	2
139.766	1	2
140.363	1	2
140.961	1	3
141.297	1	2
141.574	2	1
141.844	1	2
142.164	1	2
142.762	1	1
143.063	1	2
143.363	1	2
143.672	2	1
143.977	2	1
144.293	1	1
144.566	1	2
144.883	1	3
145.176	2	2
145.770	1	2
146.094	1	2
146.367	2	2
146.961	1	3
147.289	1	3
147.578	2	1
147.883	1	1
148.176	1	1
148.488	1	1
148.773	2	1
149.094	1	2
149.371	1	3
149.965	2	3
150.570	2	2
150.883	2	1
151.164	2	1
151.762	1	3
152.098	1	3
152.375	2	1
152.703	1	3
152.973	1	2
153.293	1	3
153.570	2	2
153.891	1	1
154.180	2	1
154.480	2	1
154.766	2	3
155.375	1	2
155.691	1	1
155.961	1	1
156.566	1	3
156.887	1	3
157.176	2	1
157.469	2	1
157.773	1	2
158.090	1	3
158.375	2	1
158.961	1	3
159.281	1	3
159.566	2	3
159.883	1	3
160.164	1	3
160.773	2	1
161.363	1	3
161.969	2	2
162.270	2	3
162.563	1	3
162.879	2	1
163.160	1	1
163.766	1	3
164.363	1	3
164.664	2	3
164.969	1	3
165.270	2	3
165.902	1	3
166.500	1	3
167.688	1	3
167.992	1	3
168.297	1	3
168.891	1	3
169.188	1	3
169.484	1	3
170.090	1	3
170.398	1	3
170.691	1	3
171.293	1	3
171.586	1	3
171.887	1	3
172.488	1	3
172.793	1	3
173.102	1	3
173.688	1	3
173.988	1	3
174.309	1	3
174.887	1	3
175.199	1	3
175.496	1	3
176.090	1	3
176.391	1	3
176.688	1	3
177.289	1	3
177.598	1	3
177.895	1	3
178.488	1	3
178.789	1	3
179.121	1	3
179.688	1	3
179.988	1	3
180.293	1	3
180.891	1	3
181.191	1	3
181.492	1	3
182.090	1	3
182.398	1	3
182.695	1	3
183.289	1	3
183.586	1	3
183.895	1	3
184.488	1	3
184.793	1	3
185.086	1	3
185.395	1	3
185.695	1	3
185.988	1	3
186.887	1	3
187.172	2	1
187.492	1	1
187.809	1	2
188.094	1	2
188.371	2	2
189.000	1	3
189.289	1	2
189.574	2	1
189.891	1	2
190.199	1	3
190.492	1	2
190.770	2	1
191.672	2	2
191.977	2	1
192.289	1	3
192.590	1	3
192.891	1	2
193.172	2	1
193.484	1	3
193.785	1	3
194.086	1	3
194.375	2	1
194.691	1	1
194.996	1	2
195.289	1	2
195.570	2	1
196.195	1	3
196.465	2	2
196.773	2	1
197.086	1	3
197.402	1	3
197.688	1	3
197.973	2	2
198.273	1	3
198.629	1	3
198.887	1	3
199.172	2	1
199.488	1	1
199.793	1	1
200.070	2	1
200.367	2	1
200.996	1	3
201.289	1	3
201.574	2	1
201.895	1	2
202.488	1	2
202.770	2	1
203.078	1	3
203.402	1	3
203.680	1	2
203.969	2	1
204.281	1	2
204.586	1	3
204.887	1	3
205.172	2	1
205.480	1	1
205.773	2	1
206.082	1	2
206.371	2	2
206.688	1	3
206.965	1	3
207.289	1	2
207.574	2	1
207.887	1	2
208.164	1	2
208.480	1	2
208.770	2	1
209.086	1	3
209.363	1	2
209.684	1	2
209.969	2	1
210.281	1	3
210.566	2	2
210.887	1	3
211.172	2	1
211.488	1	2
211.766	2	2
212.090	1	2
212.367	2	1
212.676	1	2
212.969	2	1
213.285	1	1
213.574	2	1
213.891	1	2
214.164	1	2
214.484	1	3
214.770	2	1
215.078	1	2
215.363	1	2
215.688	1	2
215.977	2	1
216.293	1	2
216.574	2	1
216.891	1	2
217.176	2	1
217.488	1	2
217.766	2	3
218.086	1	3
218.375	2	2
218.691	1	3
218.969	2	2
219.285	1	2
219.574	2	1
220.168	2	3
220.488	1	2
220.773	2	1
221.094	1	1
221.363	2	2
221.688	1	2
221.969	2	2
222.281	1	3
222.563	1	2
222.883	1	2
223.172	2	1
223.480	1	2
223.770	2	1
224.090	1	2
224.371	2	1
224.668	2	1
224.969	2	1
225.266	2	1
225.578	2	1
225.887	1	1
226.164	1	2
226.480	1	3
226.785	2	1
227.379	1	1
227.691	1	1
227.965	1	1
228.563	1	3
228.887	1	3
229.176	2	1
229.480	1	1
229.770	1	1
230.082	1	1
230.375	2	1
230.691	1	2
230.973	1	2
231.297	1	3
231.566	2	3
232.176	1	2
232.492	1	1
232.766	2	1
233.066	2	3
233.523	2	2
233.691	1	2
233.977	2	1
234.293	1	2
234.574	1	2
234.887	1	3
235.168	2	2
235.492	1	2
235.766	1	3
236.086	1	3
236.367	2	3
236.973	1	2
237.273	2	1
237.563	1	2
238.160	1	3
238.488	1	3
238.773	2	1
239.066	2	2
239.371	1	3
239.977	2	1
240.566	1	3
240.887	1	3
241.164	2	2
241.500	1	3
241.758	1	3
242.395	1	1
242.965	1	2
243.285	1	2
243.563	1	1
243.867	2	3
244.160	1	3
244.477	2	1
244.766	2	1
245.098	1	3
245.359	1	3
245.676	1	3
245.859	1	2
246.266	2	3
246.563	1	3
246.875	2	3
247.188	1	3
247.484	1	3
247.789	1	3
248.086	1	3
248.387	1	3
248.688	1	3
248.988	1	3
249.289	1	3
249.578	2	1
249.887	1	1
250.160	1	2
250.770	2	1
251.371	1	3
251.691	1	3
251.965	2	1
252.559	1	2
252.887	1	2
253.160	1	2
253.766	1	1
254.086	1	2
254.375	2	1
254.691	1	1
254.965	1	1
255.570	2	2
256.176	1	2
256.484	1	2
256.766	2	3
257.367	1	3
257.691	1	2
257.965	2	2
258.262	1	3
258.563	1	3
258.867	2	3
259.172	2	2
259.488	1	1
259.758	1	3
260.086	1	3
260.371	2	3
260.973	1	2
261.293	1	2
261.563	1	2
262.160	1	2
262.660	1	2
263.070	2	2
263.371	1	2
263.691	1	1
263.969	2	1
264.563	1	2
264.879	1	3
265.164	2	3
265.484	1	3
265.762	1	3
266.250	1	2
266.965	1	2
267.563	1	2
267.867	2	3
268.168	1	2
268.465	1	2
268.770	2	1
269.090	1	1
269.359	1	3
269.977	2	1
270.574	1	1
270.895	1	1
271.168	2	1
271.484	1	1
271.762	1	2
272.082	1	3
272.363	1	2
272.664	2	1
272.965	1	1
273.270	2	2
273.578	2	1
273.887	1	1
274.160	1	2
274.480	1	3
274.773	2	1
275.371	1	1
275.680	2	1
275.961	1	1
276.566	1	3
276.891	1	1
277.156	1	1
277.461	1	2
277.758	1	3
278.371	2	2
278.688	1	1
278.961	1	2
279.277	1	3
279.570	2	2
280.172	1	1
280.473	2	1
280.762	1	1
281.090	1	1
281.363	1	1
281.688	1	1
281.965	1	2
282.262	1	3
282.566	1	3
282.879	2	1
283.172	2	1
283.762	1	2
284.090	1	2
284.363	1	2
284.961	1	3
285.570	2	2
286.164	1	1
286.762	1	1
287.066	2	2
287.363	1	2
287.551	1	1
287.973	2	2
288.289	1	1
288.559	1	3
288.887	1	3
289.168	2	3
289.773	1	2
290.090	1	2
290.363	1	1
290.691	1	1
290.961	1	1
291.289	1	1
291.559	1	1
291.863	1	3
292.164	1	3
292.480	2	1
292.770	2	1
293.363	1	2
293.684	1	3
293.961	1	2
294.141	1	3
294.563	1	3
295.168	2	2
295.484	1	3
295.762	1	3
296.363	2	1
296.664	2	2
296.965	1	2
297.262	1	3
297.570	2	2
297.891	1	1
298.164	1	3
298.484	1	3
298.766	2	3
299.070	2	2
299.371	1	3
299.672	2	1
300.266	2	2
301.191	2	3
