0.363	1	3
0.617	1	3
0.828	1	3
1.090	1	3
1.316	1	3
1.551	1	3
1.813	1	3
2.047	1	3
2.328	1	3
2.625	1	3
3.012	1	3
3.234	1	3
3.719	1	3
3.953	1	3
4.195	1	3
4.680	1	3
4.941	1	3
5.391	1	3
5.641	1	3
5.879	1	3
6.168	1	3
6.594	1	3
7.059	1	3
7.563	2	3
7.816	2	3
8.047	1	3
8.301	1	3
8.520	1	3
8.777	2	3
9.012	1	3
9.258	2	3
9.477	1	3
9.836	1	2
10.047	2	1
10.438	2	1
10.918	2	1
11.395	1	1
11.629	1	2
11.887	1	3
12.141	2	3
12.359	1	3
12.625	2	3
12.840	1	3
13.086	1	3
13.324	1	3
13.672	2	2
14.270	1	1
14.496	2	2
14.816	1	1
15.234	1	1
15.531	2	1
15.746	2	1
16.199	1	2
16.695	1	3
17.160	1	3
17.441	1	2
17.711	1	1
18.117	1	1
18.406	1	1
19.070	2	1
19.363	2	1
20.035	2	1
20.273	1	2
20.527	2	3
20.813	1	3
20.992	2	2
21.359	2	1
21.957	1	1
22.254	2	1
22.551	2	1
22.914	2	1
23.383	2	1
23.645	1	2
23.875	2	3
24.137	2	3
24.438	1	2
24.832	1	2
25.332	2	3
25.570	1	3
25.805	1	3
26.051	1	3
26.293	2	3
26.539	2	3
26.762	1	3
27.039	2	3
27.234	2	2
27.715	2	2
27.977	1	2
28.184	1	2
28.445	1	3
28.680	1	3
29.031	2	2
29.637	2	1
30.215	1	1
30.594	1	1
30.824	1	1
31.086	2	2
31.352	1	2
31.559	2	2
31.863	1	3
32.293	1	2
32.520	1	3
32.723	2	3
33.117	1	3
33.719	1	3
34.691	1	3
34.930	2	3
35.176	2	3
35.398	1	3
35.664	1	3
35.887	2	3
36.129	1	3
36.359	1	3
36.711	2	1
37.316	2	1
37.785	1	1
38.273	1	1
38.773	2	3
39.020	2	3
39.238	1	3
39.496	2	3
39.727	1	3
39.969	1	3
40.199	1	3
40.551	2	1
41.156	2	1
41.773	2	1
42.113	1	1
42.715	2	2
43.074	1	2
43.555	1	3
44.031	1	3
44.324	1	2
44.629	2	1
44.996	1	1
45.281	1	1
45.590	2	1
45.949	2	1
46.223	2	1
46.555	1	1
46.918	2	1
47.152	1	2
47.402	2	3
47.691	1	2
47.930	1	1
48.176	2	1
48.656	2	1
48.836	1	1
49.121	1	1
49.309	2	1
49.602	1	1
49.797	1	1
50.113	1	1
50.527	1	2
50.754	1	3
51.020	2	3
51.336	1	2
51.715	2	2
51.961	1	3
52.215	2	3
52.453	1	3
52.680	1	3
52.934	1	3
53.168	2	3
53.418	2	3
53.645	1	3
54.031	2	2
54.598	1	2
55.320	1	3
55.559	2	3
55.910	2	1
56.172	2	1
56.516	2	1
57.223	2	1
57.473	1	1
57.727	1	1
57.961	2	2
58.438	2	2
58.922	2	2
59.168	1	2
59.418	2	2
60.605	2	3
60.844	2	3
61.098	2	3
61.328	1	3
61.578	2	3
61.801	1	3
62.059	2	3
62.293	1	3
62.535	1	3
62.758	1	3
63.023	1	3
63.230	2	3
63.500	1	3
63.719	2	3
64.195	1	3
64.477	1	2
64.680	1	2
64.945	2	1
65.148	1	1
65.602	1	2
65.891	1	2
66.121	1	2
66.379	2	2
66.582	1	3
66.855	2	3
67.078	2	3
67.555	1	3
67.844	1	1
68.508	1	1
68.809	2	1
69.242	2	1
69.477	1	2
69.777	2	2
70.223	2	3
70.695	2	3
70.922	2	3
71.395	1	3
71.668	1	2
71.875	1	1
72.203	2	1
72.648	2	1
73.105	1	1
73.320	1	2
73.574	1	2
73.777	1	3
74.063	2	3
74.277	1	2
74.531	1	2
74.762	2	3
75.016	2	3
75.227	2	3
75.508	2	3
75.742	2	3
76.191	2	3
76.824	1	3
77.156	1	3
77.398	1	3
77.633	1	3
78.102	1	3
78.355	1	3
78.586	1	3
78.844	1	3
79.090	1	3
79.578	1	3
79.813	2	3
80.270	2	3
80.520	1	3
80.750	1	2
81.246	1	3
81.492	1	3
81.727	2	3
81.953	2	3
82.469	1	3
82.680	2	3
82.949	2	3
83.391	2	3
83.664	1	3
83.867	1	3
84.105	1	3
84.590	1	3
84.898	1	3
85.090	1	3
85.324	2	3
85.570	1	3
86.016	2	3
86.512	1	3
86.773	1	3
87.160	2	3
87.480	2	3
87.715	1	3
88.211	1	3
88.434	1	3
88.688	2	3
88.938	1	3
89.414	1	3
89.883	1	3
90.188	1	3
90.367	1	3
90.621	1	3
90.848	1	3
91.324	1	3
91.777	1	3
92.055	1	3
92.266	1	3
92.531	2	3
92.770	1	3
92.996	1	3
93.246	1	3
93.719	1	2
93.980	2	2
94.180	1	2
94.449	2	3
94.785	1	3
95.188	2	3
95.625	1	3
96.121	1	3
96.375	2	3
96.723	1	3
97.094	1	3
97.461	1	3
97.879	1	3
98.238	1	3
100.184	1	3
100.422	2	3
100.668	1	3
100.902	1	3
101.152	2	3
101.387	2	3
101.637	1	3
101.855	1	3
102.148	2	2
102.430	2	1
102.813	2	2
103.125	2	1
103.324	2	1
103.766	2	1
104.262	2	3
104.527	1	3
104.734	1	3
105.004	2	2
105.453	2	2
105.695	2	3
106.043	2	2
106.227	2	1
106.648	1	2
106.914	1	2
107.184	2	1
107.609	1	2
107.879	2	2
108.098	1	3
108.570	1	3
109.059	1	3
109.531	1	2
109.789	2	2
110.137	2	1
110.488	2	1
110.793	2	2
110.957	2	2
111.242	2	2
111.449	2	2
111.688	2	2
111.996	2	1
112.414	2	1
112.660	2	2
112.902	2	3
113.141	1	3
113.387	1	2
113.906	2	1
114.152	2	1
114.328	2	1
114.625	2	1
115.035	1	1
115.285	2	2
115.582	2	1
115.867	2	1
116.258	2	2
116.484	2	2
116.793	2	1
117.219	2	2
117.715	2	2
118.172	1	2
118.453	2	2
118.629	2	2
118.902	1	2
119.141	1	2
119.395	1	2
119.598	1	2
119.883	2	2
120.102	2	1
120.348	2	2
120.613	2	2
120.828	1	3
121.055	2	3
121.426	1	2
121.809	1	2
122.020	1	1
122.496	2	1
122.969	1	2
123.211	2	2
123.500	2	2
123.941	1	2
124.156	2	2
124.422	2	2
124.656	1	2
124.895	2	3
125.391	1	2
125.852	1	1
126.141	1	1
126.414	2	1
126.809	2	1
127.098	2	1
127.387	2	1
127.559	2	1
127.773	2	1
128.020	1	2
128.262	2	3
128.730	2	1
129.090	2	1
129.691	1	1
129.980	1	1
130.254	2	1
130.453	1	1
130.648	2	1
131.004	2	1
131.391	2	2
131.617	1	3
131.879	2	3
132.223	2	1
132.570	2	2
132.828	2	3
133.070	2	3
133.309	2	3
133.539	2	3
133.805	1	2
134.125	2	1
134.504	1	2
134.770	2	2
134.973	2	2
135.453	1	2
135.934	1	3
136.195	2	3
136.414	2	3
136.773	1	1
137.375	2	1
137.813	2	1
138.332	2	1
138.582	1	1
138.836	1	2
139.297	1	2
139.777	2	2
140.023	1	2
140.262	1	3
