0.449	1	3
0.906	1	3
1.355	1	3
1.703	1	3
2.051	1	3
2.273	1	3
2.742	1	3
3.191	1	3
3.527	1	3
3.887	1	3
4.117	1	3
4.352	1	3
4.574	1	3
5.027	1	3
5.480	1	3
5.715	1	3
5.941	1	3
6.176	1	3
6.527	1	3
6.863	1	3
7.191	1	3
7.801	1	3
8.270	2	3
8.730	2	3
9.207	2	3
9.633	2	3
10.102	2	3
10.559	2	3
10.797	2	3
11.012	2	3
11.246	2	2
11.934	2	3
12.398	2	3
12.875	2	3
13.301	2	3
13.766	2	3
14.227	2	3
14.461	2	3
14.680	2	3
15.043	2	3
15.598	2	3
16.059	2	3
16.535	2	3
16.965	2	3
17.430	2	3
17.879	2	3
18.113	2	3
18.332	2	3
18.559	2	3
18.738	2	3
19.262	2	3
19.727	2	3
20.199	2	3
20.629	2	3
21.094	2	3
21.543	2	3
21.777	2	3
22.000	2	3
22.215	1	3
22.438	2	2
22.664	2	1
22.906	1	1
23.133	1	1
23.359	1	1
23.594	1	1
23.824	2	1
24.047	1	1
24.277	1	1
24.512	2	2
24.742	2	1
24.965	1	1
25.188	2	2
25.426	1	3
25.664	1	3
25.895	2	3
26.105	2	3
26.344	2	2
26.563	1	2
26.797	1	1
27.012	2	2
27.254	1	2
27.484	1	2
27.711	1	1
27.934	1	2
28.172	1	1
28.395	1	1
28.625	1	1
28.844	1	2
29.094	1	3
29.328	1	3
29.559	2	3
29.777	1	3
30.004	1	2
30.234	1	1
30.461	1	1
30.688	1	1
30.922	1	1
31.152	1	1
31.375	1	1
31.605	1	1
31.840	2	2
32.070	2	1
32.293	1	1
32.516	2	2
32.754	1	3
32.992	1	3
33.223	2	3
33.434	2	3
33.672	2	2
33.895	1	2
34.125	1	1
34.340	2	2
34.582	1	2
34.816	2	2
35.039	1	1
35.262	1	2
35.500	1	1
35.727	1	1
36.191	2	1
36.426	1	2
36.656	2	3
36.891	2	3
37.105	2	3
37.582	2	3
38.012	2	3
38.520	2	3
38.938	2	3
39.414	2	3
39.844	2	3
40.109	2	3
40.324	2	3
40.559	2	2
40.750	2	3
41.250	2	3
41.680	2	3
42.188	2	3
42.602	1	3
43.082	2	3
43.520	2	3
43.754	2	3
43.977	2	3
44.414	2	3
44.914	2	3
45.352	2	3
45.848	2	3
46.270	2	3
46.742	2	3
47.180	2	3
47.426	2	3
47.645	2	3
47.871	2	3
48.082	1	3
48.574	2	3
49.004	2	3
49.512	2	3
49.934	2	3
50.410	2	3
50.855	2	3
51.086	2	3
51.309	1	3
51.527	1	3
51.754	1	2
52.207	2	1
52.441	2	1
52.680	1	2
52.898	2	1
53.137	1	1
53.363	1	1
53.582	2	1
53.824	1	1
54.039	2	1
54.273	2	1
54.617	2	1
54.965	1	3
55.211	2	3
55.406	2	3
55.656	2	2
55.871	1	1
56.324	2	2
56.555	2	2
56.793	1	1
57.027	1	1
57.242	2	1
57.488	2	1
57.707	1	1
58.160	1	2
58.398	2	3
58.629	1	3
58.859	1	3
59.078	2	2
59.316	1	2
59.543	1	1
59.777	1	1
60.000	1	2
60.223	2	1
60.457	1	1
60.688	1	1
60.906	2	1
61.148	1	1
61.379	1	1
61.723	2	1
62.059	2	3
62.297	1	3
62.523	2	3
62.746	2	3
62.984	2	2
63.215	2	1
63.441	2	1
63.656	1	2
63.891	1	2
64.121	1	1
64.355	1	1
64.570	1	1
64.809	1	1
65.035	1	1
65.262	2	1
65.492	1	1
65.730	1	1
66.195	2	3
66.414	2	3
66.898	2	3
67.324	2	3
67.820	1	3
68.254	1	3
68.730	2	3
69.160	2	3
69.418	2	3
69.637	2	3
69.867	2	3
70.066	1	3
70.563	2	3
70.992	2	3
71.492	2	3
71.914	1	3
72.395	2	3
72.832	2	3
73.063	2	3
73.289	2	3
73.730	1	3
74.227	2	3
74.660	2	3
75.152	2	3
75.586	2	3
76.059	2	3
76.496	2	3
76.734	2	3
76.953	2	3
77.184	2	3
77.402	1	3
77.891	2	3
78.320	2	3
78.820	2	3
79.246	2	3
79.723	2	3
80.164	2	3
80.395	2	2
80.621	1	2
80.844	2	3
81.070	2	2
81.520	2	2
81.758	2	2
82.215	2	1
82.449	1	1
82.676	1	1
82.898	1	2
83.129	1	2
83.355	1	1
83.582	2	1
83.930	2	1
84.277	1	2
84.719	2	3
85.188	1	2
85.410	2	2
85.645	1	3
85.867	2	3
86.105	1	2
86.340	2	2
86.559	2	2
86.805	2	2
87.023	1	1
87.480	1	2
87.938	1	2
88.168	1	2
88.391	2	2
88.852	1	2
89.078	2	3
89.309	1	3
89.531	2	2
89.773	1	1
90.000	2	1
90.227	2	2
90.465	2	1
90.695	1	1
91.043	2	1
91.375	1	1
91.602	1	1
92.059	1	2
92.527	2	2
92.746	2	2
92.973	2	3
93.199	2	3
93.434	1	2
93.668	2	2
93.887	2	2
94.121	2	2
94.348	1	1
94.574	2	2
94.809	1	1
95.039	1	1
95.500	1	2
95.730	2	3
95.941	2	3
96.188	1	2
96.637	2	3
96.859	2	3
97.113	1	2
97.563	2	3
97.781	1	3
98.020	1	3
98.465	2	3
98.723	2	3
98.934	1	1
99.180	2	2
99.387	2	3
99.613	1	3
99.863	1	3
100.305	2	3
100.531	2	3
100.773	1	2
101.234	1	3
101.438	1	3
101.688	1	2
102.137	1	1
102.379	2	1
102.609	2	1
103.055	1	2
103.277	1	3
103.520	1	3
103.977	2	3
104.199	1	3
104.430	1	2
104.883	2	3
105.113	1	3
105.352	1	2
105.805	2	3
106.035	2	3
106.258	1	2
106.504	2	2
106.715	2	3
106.934	2	3
107.180	1	2
107.633	2	3
107.852	2	3
108.105	1	2
108.555	2	3
108.770	1	3
109.012	1	2
109.457	2	3
109.711	2	2
109.926	1	2
110.156	1	3
110.387	2	2
110.832	2	2
111.070	2	2
111.293	1	2
111.527	1	1
111.762	1	1
111.988	1	1
112.211	1	1
112.441	1	2
112.664	2	1
112.895	2	1
113.242	2	1
113.590	1	3
114.031	2	3
114.500	1	2
114.727	2	2
114.957	1	3
115.180	2	3
115.418	1	2
115.652	1	2
115.875	2	2
116.121	2	2
116.336	1	1
116.793	1	2
117.016	2	2
117.250	1	2
117.480	1	3
117.723	1	3
118.164	2	2
118.391	2	3
118.633	1	3
118.844	2	2
119.086	1	1
119.313	2	1
119.551	2	2
119.773	2	1
120.008	1	1
120.355	2	1
120.684	2	1
120.914	1	1
121.145	1	1
121.371	1	2
121.840	1	2
122.059	2	2
122.293	1	3
122.512	2	3
122.746	1	2
122.977	2	1
123.207	2	2
123.441	2	3
123.656	2	2
123.898	1	1
124.348	1	1
124.586	1	1
124.816	2	2
125.051	2	1
128.645	1	3
